Differential Evolution Outputs:      fun: 31.273104270151386
 message: 'Maximum number of iterations has been exceeded.'
    nfev: 423
     nit: 2
 success: False
       x: array([0.01599083, 0.05596995, 0.0841251 , 0.00212349, 0.01186857,
       0.00880328, 0.17032938, 0.17482715, 0.06540329, 0.02308093,
       0.06625781, 0.06854397, 0.18321307, 0.91357378, 0.86834529,
       0.93482336, 0.13490778, 0.11024164, 0.37292093, 0.91237466,
       0.87144027, 0.86708181, 0.10743504, 0.10073944, 0.39482522,
       0.92850426, 0.92358395, 0.91620809, 0.11779972, 0.09440902,
       0.90086234, 0.87800124, 0.8764282 , 0.07381227, 0.09842013,
       0.19456058, 0.89778476, 0.89226723, 0.87588117, 0.09952247,
       0.06801822, 0.26223023, 0.81523531, 0.87275063, 0.89307688,
       0.11723434, 0.08835914])
