Differential Evolution Outputs:      fun: 136.86858490944974
 message: 'Maximum number of iterations has been exceeded.'
    nfev: 423
     nit: 2
 success: False
       x: array([0.00349548, 0.00343606, 0.01390722, 0.00219576, 0.00697361,
       0.00253195, 0.09475789, 0.0937645 , 0.00709251, 0.00200218,
       0.00701611, 0.00684158, 0.18835865, 0.93919845, 0.8773313 ,
       0.84275449, 0.1524163 , 0.18044035, 0.31577354, 0.88187939,
       0.89275047, 0.87134105, 0.17854812, 0.16214965, 0.34194372,
       0.89349032, 0.77681674, 0.82159926, 0.19711348, 0.13063399,
       0.85431673, 0.81560238, 0.89835   , 0.17590894, 0.18665067,
       0.1836407 , 0.86854645, 0.87751748, 0.79474887, 0.153344  ,
       0.19725052, 0.29808394, 0.80301698, 0.83877245, 0.85332295,
       0.19332024, 0.1655644 ])
