MinimizationOutputs:  final_simplex: (array([[0.00343921, 0.00286694, 0.01370997, ..., 0.84830572, 0.16790254,
        0.17434808],
       [0.00343921, 0.00286694, 0.01370997, ..., 0.84830572, 0.16790254,
        0.17434808],
       [0.00343898, 0.00286744, 0.01371238, ..., 0.84819981, 0.16797226,
        0.17430517],
       ...,
       [0.00343919, 0.00286583, 0.0137102 , ..., 0.84833911, 0.16790931,
        0.17434487],
       [0.00343902, 0.00286773, 0.01371277, ..., 0.84870553, 0.16798365,
        0.17431044],
       [0.00343915, 0.00286714, 0.01371069, ..., 0.84840916, 0.16792353,
        0.17433676]]), array([  93.15413343,  211.40364822,  224.63782751,  249.66078691,
        361.7426526 ,  371.77632588,  375.62996747,  380.42210994,
        431.24569426,  436.96125828,  470.75502868,  497.08188551,
        523.7556079 ,  562.87232247,  568.88335237,  584.99546018,
        623.60189302,  638.58055898,  656.61401319,  672.99737782,
        701.61412537,  748.863585  ,  869.92696426,  877.89913546,
        898.56032939,  915.47227956,  921.00401142,  967.97392055,
       1074.60946504, 1079.76642772, 1106.83267179, 1137.20602908,
       1171.69103333, 1201.64760743, 1287.9188106 , 1301.25262446,
       1316.50134123, 1423.4215632 , 1453.42137239, 1559.65135519,
       1573.45338521, 1578.1754701 , 1724.22531412, 1810.48295342,
       1843.17201443, 1865.53585699, 1910.94737353, 1922.57641383]))
           fun: 93.15413342820307
       message: 'Maximum number of iterations has been exceeded.'
          nfev: 248
           nit: 50
        status: 2
       success: False
             x: array([0.00343921, 0.00286694, 0.01370997, 0.00216677, 0.00688862,
       0.00250284, 0.09477964, 0.09324057, 0.00659929, 0.0025277 ,
       0.0071571 , 0.00678152, 0.18923164, 0.93754233, 0.86254277,
       0.76995751, 0.15023144, 0.1864662 , 0.31815781, 0.88889968,
       0.87971255, 0.82661655, 0.20743892, 0.16278938, 0.34744397,
       0.82144955, 0.78679743, 0.83430401, 0.20124478, 0.13118939,
       0.78419006, 0.81936392, 0.85486149, 0.10538719, 0.17409406,
       0.20263491, 0.84586451, 0.84974846, 0.76330363, 0.16746166,
       0.1594834 , 0.30226554, 0.86050269, 0.75187031, 0.84830572,
       0.16790254, 0.17434808])
